r1|1206|0.9|1201
r2|1207|0.9|1202
r3|1208|0.9|1203
r4|1209|0.9|1204
r5|1210|0.9|1205
r6|1208|0.8|1202
r7|1208|0.6|1204
r8|1209|0.5|1205
r9|1304|0.9|1301
r10|1305|0.9|1302
r11|1306|0.9|1303
r12|1305|0.6|1303
r13|2101|0.6|1208|1402
r14|2101|0.7|1208|1402|1404
r15|2101|0.7|1208|1402|1405
r16|2101|0.8|1208|1402|1404|1405
r17|2102|0.6|1208|1403
r18|2102|0.7|1208|1403|1404
r19|2102|0.7|1208|1403|1405
r20|2102|0.8|1208|1403|1404|1405
r21|2102|0.8|1208|1403|1409
r22|2102|0.85|1208|1403|1404|1409
r23|2102|0.9|1208|1403|1404|1405|1409
r24|2103|0.6|1209|1401
r25|2103|0.7|1209|1401|1406
r26|2103|0.7|1209|1401|1408
r27|2103|0.7|1209|1401|1306
r28|2103|0.8|1209|1401|1406|1306
r29|2103|0.8|1209|1401|1408|1306
r30|2103|0.8|1209|1401|1406|1408
r31|2103|0.9|1209|1401|1406|1408|1306
r32|2103|0.8|1210|1401|1406|1408
r33|2104|0.6|1207
r34|2105|0.6|1206|1401
r35|2105|0.7|1206|1401|1410
r36|2105|0.6|1207|1401
r37|2105|0.7|1207|1401|1410
r38|2106|0.6|1210|1405
r39|2106|0.5|1210|1306
r40|2106|0.7|1210|1411
r41|2106|0.7|1210|1405|1306
r42|2106|0.8|1210|1306|1411
r43|2106|0.8|1210|1405|1411
r44|2106|0.9|1210|1405|1306|1411
r45|2107|0.9|1210|1404|1412|1417
r46|2107|0.8|1210|1404|1412
r47|2107|0.8|1210|1412|1417
r48|2107|0.7|1210|1412
r49|2108|0.9|1208|1404|1405|1407|1409
r50|2108|0.85|1208|1405|1407|1409
r51|2108|0.8|1208|1405|1407
r52|2108|0.8|1208|1405|1409
r53|2109|0.8|1209|1413|1414|1416
r54|2109|0.8|1209|1405|1413
r55|2109|0.8|1209|1405|1414
r56|2109|0.8|1209|1405|1416
r57|3101|0.9|2101|1102
r58|3102|0.9|2101|1101
r59|3105|0.9|2102
r60|3103|0.9|2103|1102
r61|3104|0.9|2103|1101
r62|3106|0.9|2104
r63|3107|0.9|2105
r64|3108|0.9|2106
r65|3109|0.9|2107|1102
r66|3110|0.9|2107|1101
r67|3111|0.9|2108|1102
r68|3112|0.9|2108|1101
r69|3113|0.9|2109
r70|4101|0.9|2101
r71|4101|0.9|2102
r72|4101|0.9|2103
r73|4101|0.9|2104
r74|4102|0.9|2105
r75|4103|0.9|2106
r76|4104|0.9|2107
r77|4105|0.9|2108
r78|4106|0.9|2109
r79|2109|0.8|1209|1413|1414|1416
r80|2109|0.8|1208|1413|1414|1416
